75,250,89,253,103,253,117,253,130,250,130,271,117,271,103,272,88,272,75,271,FRESH
90,469,132,470,173,470,216,470,259,469,259,493,216,494,174,494,131,494,90,493,produce
288,476,305,479,324,479,342,480,359,476,359,494,342,495,324,495,306,495,288,494,our
389,480,412,482,435,482,459,484,480,485,482,500,459,499,436,499,411,499,387,498,own
499,475,606,475,713,475,713,500,606,500,499,500,#
256,186,269,174,278,161,288,150,299,137,318,157,306,167,294,179,287,191,286,203,MAX
311,127,337,121,363,120,389,119,414,119,404,147,383,144,362,144,341,148,320,154,NOSKE
423,127,438,134,429,162,411,154,#
455,135,466,150,478,165,486,180,491,195,464,199,463,192,459,183,451,174,437,165,SON
288,222,313,240,340,251,366,255,392,252,388,283,361,278,332,271,303,261,274,247,COUNTRY
397,250,410,247,424,245,438,236,452,218,474,242,458,252,441,261,423,269,407,278,MEAT
4,461,19,464,34,465,49,465,64,462,65,490,50,489,35,488,20,487,5,489,We
5,253,36,255,36,320,2,317,#
